-4
-11
-17
-22
-28
-35
-42
-43
-40
-37
-34
-28
-18
-8
-1
1
-1
-6
-11
-16
-23
-33
-43
-49
-54
-58
-62
-61
-57
-51
-46
-44
-44
-43
-40
-39
-40
-39
-35
-27
-18
-14
-14
-14
-14
-14
-15
-17
-19
-19
-17
-13
-11
-9
-7
-7
-9
-14
-21
-29
-35
-40
-46
-50
-48
-43
-40
-42
-46
-47
-43
-34
-24
-15
-10
-8
-5
-5
-8
-11
-11
-10
-11
-14
-15
-13
-9
-5
0
4
6
7
7
4
-2
-7
-9
-11
-12
-13
-11
-5
1
3
2
1
0
-2
-6
-14
-23
-27
-26
-22
-18
-15
-11
-7
-3
0
1
2
4
7
11
15
19
22
22
17
9
-1
-7
-8
-5
0
5
11
17
18
14
8
4
4
3
0
-3
-1
5
9
8
4
-1
-5
-6
-6
-6
-7
-7
-6
-7
-10
-13
-16
-19
-23
-27
-32
-34
-31
-27
-24
-24
-25
-27
-29
-32
-37
-40
-41
-40
-40
-42
-40
-36
-30
-24
-19
-14
-8
1
8
10
7
4
1
-1
-4
-4
0
5
10
11
9
4
1
0
0
0
-1
-1
-2
-6
-11
-12
-7
0
2
-2
-5
-2
9
23
36
43
44
41
39
38
36
32
29
26
24
21
19
17
15
12
9
10
16
25
31
31
27
25
27
30
34
37
40
42
43
43
43
44
46
49
52
51
50
52
56
59
57
54
51
47
42
34
28
26
27
27
23
17
11
7
6
7
10
16
25
34
43
50
57
66
72
66
53
45
49
61
79
98
108
105
96
89
85
81
74
69
64
55
46
44
50
55
47
32
18
10
6
3
2
7
22
41
56
65
66
60
58
67
84
97
99
96
97
105
111
111
106
100
92
85
84
86
87
83
77
72
72
74
72
67
65
70
74
71
61
52
46
45
47
51
54
56
60
67
71
71
70
69
68
65
61
57
51
45
43
42
38
30
23
20
16
14
17
22
23
18
12
10
14
17
14
8
7
12
20
26
28
26
23
22
21
22
22
18
14
14
15
14
9
4
1
0
-1
0
3
5
2
-4
-10
-13
-16
-20
-25
-28
-24
-18
-13
-11
-12
-14
-14
-15
-19
-23
-25
-25
-30
-41
-49
-46
-33
-19
-11
-12
-20
-30
-36
-35
-29
-23
-16
-8
2
9
11
10
10
11
10
9
9
13
17
18
16
15
17
19
21
22
21
20
18
15
11
9
11
14
15
14
11
10
13
16
18
18
17
16
16
15
14
16
22
30
34
36
38
41
41
40
37
36
37
41
43
42
41
41
41
40
36
28
21
16
12
7
1
-3
-2
5
12
18
21
20
19
18
19
21
26
33
37
37
37
38
42
46
49
49
48
45
43
39
34
31
34
39
43
45
46
50
51
47
39
32
29
29
31
33
35
39
43
45
43
38
32
29
28
27
24
22
20
20
20
20
17
12
7
2
-3
-6
-4
1
7
10
12
19
30
41
52
60
65
67
66
60
52
46
44
43
39
35
31
30
29
25
19
11
4
1
0
2
6
11
17
20
20
19
22
28
36
41
43
43
44
45
44
41
37
35
34
32
30
26
22
20
20
19
15
8
0
-8
-14
-20
-24
-24
-23
-22
-21
-18
-15
-16
-21
-27
-28
-24
-18
-15
-14
-11
-4
8
21
31
39
45
46
43
35
25
19
17
16
13
8
3
1
0
-4
-9
-15
-19
-21
-22
-24
-26
-27
-25
-24
-24
-26
-26
-21
-14
-6
2
12
23
30
29
23
18
14
10
5
0
-2
-1
2
5
6
5
5
7
8
8
5
3
1
-1
-4
-10
-16
-17
-15
-11
-7
-1
6
12
14
12
8
3
-4
-16
-28
-38
-42
-42
-40
-38
-37
-38
-38
-41
-48
-56
-61
-62
-63
-65
-67
-63
-51
-36
-22
-9
3
15
23
27
29
30
32
34
34
30
21
11
4
1
-1
-5
-11
-15
-19
-23
-28
-31
-34
-35
-39
-45
-50
-52
-53
-52
-50
-45
-36
-29
-26
-28
-30
-26
-19
-13
-11
-11
-11
-9
-6
-2
-5
-14
-26
-36
-42
-45
-42
-37
-32
-32
-38
-45
-49
-51
-53
-57
-60
-60
-58
-56
-54
-53
-51
-47
-43
-40
-39
-38
-35
-34
-38
-41
-42
-38
-33
-30
-29
-34
-41
-44
-45
-46
-44
-38
-31
-27
-27
-29
-31
-32
-31
-30
-30
-29
-25
-19
-15
-15
-16
-16
-19
-26
-35
-39
-37
-29
-22
-18
-17
-17
-18
-19
-19
-19
-20
-18
-16
-16
-20
-26
-29
-30
-32
-32
-29
-25
-22
-21
-22
-22
-18
-10
-4
-2
-2
-3
-3
-6
-9
-12
-12
-8
-6
-8
-10
-10
-6
1
13
21
22
18
14
11
7
4
4
6
4
-1
-7
-9
-9
-10
-12
-14
-12
-5
2
7
9
11
13
12
8
3
0
-1
2
7
11
12
10
7
4
0
-4
-4
-2
-1
-4
-6
-4
1
3
-1
-7
-12
-15
-16
-15
-15
-15
-14
-12
-13
-17
-20
-21
-20
-17
-15
-14
-13
-12
-12
-13
-15
-16
-15
-15
-17
-23
-31
-38
-45
-51
-57
-58
-55
-48
-44
-40
-35
-25
-14
-5
-2
-1
1
3
3
1
-2
-2
-1
1
2
-1
-6
-13
-21
-31
-42
-48
-48
-42
-35
-29
-26
-23
-19
-16
-16
-17
-17
-14
-10
-6
-2
4
13
25
37
46
53
57
59
56
52
48
46
43
34
22
11
5
4
6
9
11
11
10
8
4
2
6
15
26
34
38
38
35
32
32
35
40
48
55
56
53
50
50
49
42
30
20
15
13
13
10
4
-3
-9
-13
-16
-17
-14
-10
-7
-7
-9
-10
-8
-3
5
10
12
13
14
14
14
16
21
29
34
33
28
22
17
16
16
16
16
18
21
24
26
26
25
22
16
10
10
15
22
26
25
21
17
13
9
6
5
8
14
19
22
22
19
16
13
9
6
6
8
9
6
0
-5
-7
-5
-4
-3
-4
-6
-7
-11
-16
-21
-21
-17
-16
-22
-30
-36
-36
-32
-28
-25
-21
-16
-13
-12
-15
-20
-24
-23
-20
-18
-20
-26
-33
-37
-38
-38
-37
-34
-29
-27
-27
-27
-25
-23
-23
-22
-21
-19
-20
-23
-28
-28
-23
-16
-13
-12
-9
-3
3
5
-1
-13
-24
-28
-28
-27
-27
-28
-31
-32
-29
-24
-18
-13
-11
-15
-23
-32
-37
-40
-43
-49
-55
-56
-55
-56
-60
-61
-55
-47
-39
-34
-30
-24
-16
-12
-13
-19
-26
-30
-27
-19
-11
-6
-4
-4
-6
-9
-14
-20
-21
-15
-9
-6
-6
-7
-8
-10
-11
-10
-8
-7
-6
-4
-3
-2
-3
-7
-12
-12
-5
4
9
9
9
14
20
20
15
10
9
9
7
2
-5
-11
-15
-16
-15
-14
-14
-14
-15
-17
-21
-20
-13
-4
3
5
4
3
3
-2
-12
-20
-20
-14
-8
-3
-3
-5
-8
-10
-14
-20
-23
-23
-19
-16
-16
-22
-29
-31
-26
-17
-13
-13
-13
-11
-7
-5
-6
-8
-7
-5
-2
1
8
13
11
8
11
17
20
19
15
14
15
14
10
5
1
2
5
5
0
-5
-3
5
14
19
21
21
22
25
28
29
23
14
8
6
7
8
6
1
-8
-18
-23
-20
-10
2
10
15
19
22
19
11
5
5
9
8
-1
-10
-9
2
19
32
37
33
23
15
12
12
10
8
7
6
3
-2
-9
-12
-13
-12
-12
-13
-14
-12
-10
-11
-13
-15
-17
-18
-17
-14
-9
-5
-7
-14
-20
-21
-19
-20
-22
-24
-23
-20
-18
-20
-23
-26
-29
-32
-35
-38
-40
-39
-33
-29
-27
-21
-11
-5
-8
-15
-20
-19
-15
-10
-8
-9
-11
-11
-11
-14
-16
-15
-11
-6
-2
-1
-3
-3
-2
-1
-3
-6
-10
-12
-11
-9
-8
-6
1
11
17
20
21
21
22
23
25
31
36
38
33
26
21
19
23
27
31
35
40
43
45
45
44
39
36
34
33
34
38
41
40
33
26
23
23
23
20
16
16
18
21
20
17
15
13
12
7
0
-9
-14
-14
-12
-8
-3
5
13
19
19
16
14
15
19
23
26
30
34
35
31
23
14
11
12
15
18
22
25
28
31
31
24
13
4
-1
-3
-5
-5
-4
-4
-6
-6
-2
6
11
10
4
-1
-2
0
0
-1
1
7
14
21
24
21
16
11
10
10
10
10
10
8
3
-4
-7
-6
-3
1
6
11
16
18
15
8
1
0
5
10
12
12
12
12
11
11
9
4
-1
-7
-14
-20
-22
-20
-17
-14
-12
-9
-3
3
7
7
8
11
16
18
17
15
15
15
15
10
6
7
10
8
0
-12
-25
-32
-29
-19
-10
-8
-10
-12
-15
-16
-16
-13
-8
-4
-1
3
11
21
29
33
34
31
26
20
11
3
-1
-2
-2
-6
-12
-18
-19
-18
-18
-20
-22
-22
-22
-23
-26
-28
-27
-21
-13
-5
-1
1
3
6
9
10
11
11
9
4
-2
-2
0
2
0
-6
-15
-24
-30
-33
-35
-39
-41
-40
-35
-30
-25
-17
-10
-8
-11
-16
-19
-21
-22
-23
-25
-27
-26
-23
-21
-23
-24
-22
-20
-21
-25
-33
-42
-47
-50
-51
-49
-42
-32
-23
-18
-13
-7
3
10
10
5
0
-2
-3
-4
-7
-10
-12
-9
-4
1
5
7
8
7
6
6
9
14
18
19
17
15
14
13
9
3
0
2
9
19
28
31
28
24
23
22
21
23
23
17
5
-7
-13
-12
-7
-1
6
13
21
28
29
25
19
15
13
14
15
18
20
23
24
22
21
23
25
24
18
10
7
10
12
10
7
7
9
14
18
19
17
16
16
17
17
14
13
13
14
15
15
17
19
19
18
15
14
15
17
16
13
10
9
8
7
5
4
5
5
1
-8
-19
-27
-32
-32
-28
-24
-22
-20
-17
-16
-18
-21
-22
-25
-28
-29
-24
-17
-14
-17
-21
-23
-21
-18
-17
-19
-21
-22
-22
-24
-28
-32
-33
-30
-26
-25
-26
-28
-27
-23
-20
-17
-16
-15
-16
-18
-19
-17
-13
-8
-7
-10
-12
-9
-2
3
4
1
-3
-9
-14
-20
-25
-28
-28
-29
-30
-32
-32
-31
-31
-32
-35
-37
-37
-33
-27
-22
-17
-13
-7
-4
-6
-10
-14
-16
-19
-22
-26
-26
-24
-24
-26
-30
-32
-34
-37
-42
-46
-48
-45
-38
-33
-29
-26
-23
-21
-24
-30
-34
-33
-31
-29
-29
-31
-34
-33
