5
7
7
2
-6
-14
-17
-14
-5
5
13
18
19
16
12
6
0
-5
-11
-16
-18
-15
-9
-4
-3
-2
3
8
7
1
-1
1
4
7
8
8
8
12
17
17
13
7
2
-1
-4
-7
-7
-6
-3
-1
-3
-8
-13
-14
-12
-10
-9
-8
-5
-1
1
3
5
6
4
-2
-8
-10
-6
0
6
9
11
17
23
26
28
28
27
27
25
21
14
10
9
9
9
10
10
12
14
13
9
5
4
4
5
6
9
14
17
16
14
14
17
22
25
26
23
22
25
28
29
28
27
27
27
26
24
22
20
18
17
16
18
24
33
40
43
43
44
47
51
52
53
54
53
50
46
43
45
51
56
55
48
42
40
40
42
43
41
36
31
29
29
29
26
23
20
17
16
19
23
25
22
16
14
15
16
13
10
12
20
25
24
18
15
17
21
25
26
27
29
34
40
41
37
30
23
18
16
15
18
23
30
37
44
52
61
68
71
69
65
62
60
59
55
51
49
51
55
56
53
48
44
40
35
30
25
21
19
17
17
18
23
29
33
36
39
42
44
42
39
37
38
42
43
43
45
53
61
65
63
59
58
61
64
62
55
45
37
31
28
26
24
21
18
13
6
0
-3
-2
2
6
8
10
13
16
17
16
16
16
15
14
13
14
19
23
24
21
20
20
22
24
23
21
19
17
11
-2
-15
-23
-25
-22
-18
-14
-12
-12
-9
-3
3
5
5
4
5
6
10
15
20
21
17
14
16
21
20
15
14
20
25
24
18
11
8
9
13
18
18
16
17
20
21
21
21
19
17
13
8
4
3
7
14
20
25
30
37
43
47
47
45
43
39
33
28
24
25
26
25
20
14
9
6
3
3
7
15
20
18
7
-5
-9
-4
9
24
35
40
39
35
31
27
25
24
24
22
17
12
9
8
5
-3
-12
-19
-22
-22
-20
-17
-14
-13
-13
-15
-18
-17
-10
-3
-2
-5
-8
-12
-15
-18
-19
-18
-18
-18
-21
-25
-27
-26
-22
-18
-16
-17
-18
-17
-16
-17
-15
-8
1
11
18
21
20
18
15
10
4
1
4
11
16
20
23
23
21
17
11
4
0
0
3
7
9
9
8
6
2
-4
-10
-13
-15
-19
-24
-24
-20
-17
-20
-27
-33
-34
-29
-21
-13
-5
3
10
13
14
18
25
34
42
45
43
38
34
31
27
21
17
14
13
12
10
6
3
0
-4
-8
-11
-9
-6
-5
-7
-11
-14
-14
-9
-3
4
10
15
18
16
11
8
10
14
16
13
9
6
5
6
7
7
7
6
4
2
-1
0
2
4
3
0
-3
-3
1
5
8
11
14
15
12
7
6
8
10
7
1
-4
-4
1
7
10
8
3
-4
-10
-12
-14
-17
-18
-20
-24
-29
-30
-26
-19
-12
-9
-8
-8
-6
-4
-2
-3
-3
-2
-2
-3
-4
-2
3
8
11
13
16
19
17
11
3
-5
-8
-8
-9
-11
-14
-14
-14
-13
-13
-13
-13
-10
-7
-6
-7
-7
-4
-4
-6
-8
-8
-4
1
6
8
7
7
8
8
7
4
1
-3
-6
-8
-6
0
9
16
19
20
21
21
20
15
6
-4
-11
-14
-16
-17
-17
-15
-14
-15
-16
-19
-21
-19
-18
-19
-19
-16
-14
-16
-23
-31
-38
-40
-39
-38
-39
-41
-42
-43
-45
-47
-48
-47
-46
-50
-57
-63
-66
-64
-62
-60
-59
-58
-54
-49
-47
-45
-43
-37
-31
-26
-23
-23
-23
-25
-29
-33
-35
-33
-28
-24
-20
-15
-11
-8
-9
-15
-23
-30
-31
-30
-28
-25
-21
-17
-14
-11
-9
-6
-1
4
6
5
5
5
6
5
1
-3
-4
-1
0
0
0
1
2
3
4
5
6
9
15
18
17
15
14
12
9
6
4
6
9
9
6
2
0
-1
-5
-12
-20
-24
-26
-29
-34
-35
-28
-15
-3
5
10
12
15
21
29
36
39
42
46
49
49
45
39
35
34
34
32
29
28
28
27
24
20
16
16
18
19
19
21
22
20
15
12
10
7
2
0
1
6
12
14
11
8
10
13
13
9
6
7
9
5
-6
-19
-29
-31
-28
-25
-26
-30
-35
-39
-42
-46
-51
-52
-49
-42
-36
-32
-30
-28
-26
-25
-27
-31
-35
-37
-38
-37
-33
-26
-18
-13
-13
-16
-17
-19
-21
-23
-23
-20
-17
-18
-24
-31
-36
-37
-35
-30
-27
-28
-31
-29
-24
-18
-13
-7
-4
-6
-10
-11
-10
-10
-14
-20
-23
-20
-13
-7
-5
-6
-7
-10
-18
-32
-43
-45
-40
-33
-31
-33
-39
-46
-51
-56
-60
-64
-65
-63
-59
-54
-49
-42
-34
-28
-25
-24
-21
-16
-8
-2
-1
-2
-3
-4
-7
-11
-16
-21
-23
-25
-26
-26
-25
-26
-31
-39
-44
-46
-44
-41
-42
-44
-45
-43
-39
-31
-25
-22
-21
-20
-21
-22
-22
-20
-19
-19
-19
-12
1
11
12
2
-10
-18
-24
-28
-32
-37
-39
-39
-36
-32
-29
-25
-18
-11
-7
-7
-10
-13
-15
-17
-17
-14
-7
-1
1
0
-5
-8
-9
-9
-11
-15
-18
-19
-17
-14
-12
-12
-11
-10
-9
-7
-5
-4
-3
-6
-13
-21
-24
-22
-15
-7
-3
-5
-11
-17
-25
-29
-27
-21
-19
-20
-20
-19
-16
-17
-21
-26
-29
-27
-25
-25
-26
-24
-19
-15
-19
-26
-30
-27
-21
-17
-20
-27
-34
-39
-42
-42
-41
-41
-38
-34
-34
-39
-46
-53
-55
-53
-48
-44
-39
-33
-28
-26
-26
-27
-29
-34
-41
-48
-50
-48
-44
-43
-45
-48
-50
-50
-49
-47
-44
-41
-40
-41
-43
-46
-48
-46
-43
-42
-42
-40
-36
-33
-31
-29
-27
-26
-30
-36
-38
-30
-17
-8
-7
-12
-18
-21
-22
-25
-31
-37
-42
-44
-41
-37
-32
-27
-23
-22
-23
-24
-25
-23
-22
-24
-27
-27
-24
-20
-18
-20
-26
-31
-31
-28
-24
-20
-16
-14
-15
-21
-27
-30
-28
-23
-16
-9
-3
3
7
7
4
1
-2
-2
2
6
8
7
4
-1
-7
-8
-4
0
1
1
2
7
12
15
13
9
8
11
12
9
6
8
14
17
12
5
1
0
-1
-2
-4
-7
-8
-6
-4
-3
-5
-6
-5
-2
2
3
1
1
5
11
17
21
25
26
22
16
11
10
11
11
8
3
0
0
0
0
-2
-5
-8
-10
-12
-14
-12
-6
-2
-1
-3
-4
-3
-3
-4
-6
-5
-3
-1
-1
0
0
0
0
-2
-5
-9
-11
-11
-10
-12
-13
-12
-11
-14
-22
-30
-32
-29
-25
-23
-23
-22
-20
-16
-14
-14
-15
-12
-5
3
11
15
14
12
9
6
3
3
6
10
12
13
16
20
25
26
25
22
21
23
26
27
25
22
21
22
25
27
29
29
30
31
35
43
51
55
52
48
46
48
49
45
40
37
38
40
39
37
36
37
40
42
40
37
37
37
33
28
26
28
31
28
21
11
4
3
9
17
23
24
24
23
22
20
19
18
19
22
24
25
25
27
28
26
21
18
17
17
15
11
9
8
9
11
14
18
23
30
35
34
30
25
21
15
12
13
18
23
25
25
25
25
25
23
18
14
17
25
29
26
20
15
13
13
13
11
7
6
7
8
9
8
8
7
4
-2
-7
-10
-8
-3
1
0
-4
-9
-12
-14
-14
-11
-6
0
3
4
3
2
3
2
0
-1
3
8
12
14
15
17
19
20
17
13
11
10
9
8
6
3
1
2
2
1
0
1
3
9
15
17
14
9
5
3
3
7
15
19
17
14
17
22
22
12
-1
-7
-5
1
7
11
12
12
12
12
11
9
7
6
5
4
3
1
3
7
12
16
19
25
30
34
34
33
32
30
27
23
19
17
17
19
20
21
25
30
31
27
22
17
14
15
18
20
21
24
22
16
9
5
3
4
6
8
10
14
19
23
23
24
26
29
28
26
25
27
31
33
30
23
17
13
13
16
19
23
27
31
31
29
28
28
28
25
21
18
17
18
19
18
18
21
25
27
26
22
17
15
16
18
20
24
30
34
34
32
30
31
34
36
37
37
39
42
43
40
35
30
27
28
33
37
39
40
39
35
29
23
18
15
11
6
5
8
14
18
16
12
9
6
1
-5
-7
-4
3
8
11
9
5
2
-2
-7
-10
-8
0
10
14
14
14
17
22
26
26
23
19
18
20
21
21
19
16
12
8
1
-5
-8
-5
3
9
9
5
0
-5
-9
-10
-10
-11
-16
-22
-27
-25
-19
-15
-14
-14
-13
-13
-16
-20
-22
-20
-15
-10
-8
-8
-7
-3
2
4
0
-4
-4
1
9
18
27
35
38
34
27
18
12
12
15
17
18
19
18
16
13
9
4
1
0
0
-1
-1
3
8
10
9
8
6
4
3
2
2
8
17
25
28
26
22
18
16
13
8
2
0
0
1
3
7
13
19
23
24
22
21
20
17
12
5
1
0
1
1
0
3
7
12
14
14
12
11
10
10
12
14
19
23
24
21
22
28
35
35
27
15
6
5
11
22
32
39
44
45
43
35
25
16
13
12
14
18
23
27
31
36
38
37
36
33
29
24
20
21
26
30
34
40
46
49
47
46
46
49
50
49
48
52
58
63
62
52
39
28
23
19
16
14
13
16
20
22
24
26
29
32
33
32
30
29
28
25
22
25
33
42
46
45
42
38
35
35
33
27
18
13
12
12
13
12
10
7
2
-4
-7
-5
0
5
7
4
-4
-9
-12
-12
-10
-5
-2
-3
-7
-10
-9
-5
-1
-1
-3
-3
-3
-3
-4
-6
-6
-5
-6
-13
-22
-29
-29
-25
-19
-15
-12
-9
-7
-7
-11
-15
-18
-18
-16
-17
-16
-9
0
8
8
3
-3
-7
-6
-1
4
6
6
8
9
9
7
3
1
-2
-4
-5
-3
0
4
6
6
2
-3
-5
-3
0
2
4
6
6
5
6
12
18
20
19
19
21
23
21
15
10
8
9
13
17
19
20
21
22
20
15
14
15
16
14
11
11
14
16
14
9
1
-4
-6
-5
-4
-1
0
1
2
0
-4
-9
-10
-10
-12
-15
-16
-15
-13
-14
-18
-23
-28
-28
-27
