-25
-22
-18
-15
-14
-15
-16
-17
-16
-14
-15
-18
-22
-24
-23
-20
-19
-17
-16
-15
-15
-17
-16
-10
-4
1
4
8
13
18
21
18
11
5
2
-1
-5
-7
-9
-8
-7
-5
-4
0
6
12
14
15
18
29
43
49
46
39
33
30
34
39
44
44
41
37
31
24
18
16
19
24
27
28
26
23
18
13
8
8
11
13
10
5
-4
-11
-12
-10
-7
-4
-2
-3
-5
-5
-2
2
4
2
-2
-4
-2
2
4
4
6
11
16
16
11
5
2
3
7
8
9
9
8
2
-10
-20
-22
-15
-5
0
0
-1
-1
0
1
3
5
7
13
22
29
27
19
11
6
4
4
4
4
2
-1
-4
-2
6
13
17
16
9
-1
-9
-11
-8
-3
3
11
14
12
10
10
12
13
11
9
8
9
8
4
0
-1
2
6
7
5
3
3
3
3
3
7
13
17
14
5
-3
-3
5
13
19
19
15
10
6
4
3
2
4
7
11
13
13
12
13
14
11
7
4
4
3
-1
-8
-12
-14
-13
-13
-12
-11
-6
-2
3
9
16
22
27
29
25
16
4
-1
2
11
22
34
40
35
22
10
6
7
8
4
1
1
7
11
12
13
15
19
23
26
26
25
22
22
24
27
28
29
30
29
24
18
15
15
16
16
18
20
25
29
32
32
30
28
27
25
20
13
9
9
12
15
19
25
30
30
26
21
17
15
14
13
10
5
1
-4
-9
-14
-20
-24
-25
-25
-21
-13
-2
5
5
-3
-11
-15
-15
-16
-19
-26
-34
-41
-49
-57
-58
-43
-22
-6
2
4
-1
-7
-6
1
5
-1
-14
-25
-31
-31
-28
-21
-11
-3
2
5
6
4
-2
-12
-23
-30
-31
-32
-38
-44
-45
-41
-37
-35
-34
-35
-37
-39
-40
-43
-45
-44
-40
-34
-28
-25
-24
-23
-20
-18
-16
-16
-16
-16
-17
-16
-11
0
6
2
-8
-15
-20
-22
-27
-33
-36
-33
-26
-19
-17
-21
-26
-28
-27
-27
-29
-31
-34
-41
-53
-64
-65
-58
-49
-41
-36
-40
-51
-56
-51
-42
-37
-37
-37
-34
-28
-21
-11
-1
6
9
7
2
-2
-6
-12
-15
-11
-4
3
8
11
14
20
21
14
1
-12
-21
-24
-23
-20
-13
-1
12
16
12
3
-8
-18
-27
-33
-36
-36
-34
-34
-36
-40
-41
-39
-34
-28
-25
-23
-19
-15
-13
-15
-17
-17
-14
-9
-5
-3
-1
2
2
-1
-6
-11
-13
-11
-9
-9
-13
-16
-18
-20
-23
-29
-34
-36
-34
-30
-26
-23
-22
-24
-31
-37
-41
-38
-31
-23
-17
-13
-11
-12
-14
-19
-25
-29
-31
-35
-39
-41
-42
-41
-41
-40
-37
-32
-26
-25
-29
-34
-39
-41
-41
-44
-48
-48
-43
-36
-32
-28
-26
-26
-27
-34
-42
-46
-40
-29
-19
-15
-15
-16
-17
-16
-15
-17
-22
-26
-29
-30
-31
-31
-29
-28
-30
-38
-46
-49
-48
-42
-36
-32
-27
-22
-16
-11
-7
-3
0
4
6
6
7
9
14
22
27
26
19
10
1
-5
-5
1
6
7
3
0
0
4
8
10
8
5
1
-7
-20
-31
-36
-33
-28
-25
-19
-6
13
25
26
18
7
-2
-5
-3
0
1
2
2
-1
-6
-12
-18
-19
-14
-8
-6
-8
-12
-14
-15
-17
-18
-18
-16
-16
-17
-18
-16
-13
-10
-10
-12
-12
-9
-4
0
2
3
3
0
-6
-15
-24
-32
-37
-39
-41
-43
-45
-48
-56
-64
-62
-50
-36
-27
-24
-23
-22
-22
-24
-30
-38
-44
-45
-40
-32
-25
-20
-17
-13
-9
-4
1
8
13
14
9
1
-6
-10
-15
-21
-26
-29
-30
-30
-31
-32
-29
-23
-16
-9
-5
-1
4
10
16
22
31
41
52
61
65
65
62
59
58
56
50
41
31
21
14
10
10
14
14
7
0
-4
-4
-4
-7
-9
-10
-7
-3
-1
-1
0
3
8
12
15
17
20
23
24
22
21
26
33
32
21
2
-15
-27
-30
-28
-24
-22
-21
-21
-22
-22
-22
-19
-11
0
8
10
10
9
7
2
-3
-5
-3
1
3
5
10
17
24
30
34
30
20
11
7
4
2
0
-3
-7
-11
-11
-3
6
9
7
6
10
15
19
19
17
19
26
30
26
21
21
27
35
42
44
43
40
39
39
38
33
30
30
33
36
36
35
32
29
27
24
22
21
23
27
31
34
36
37
34
30
27
30
37
41
41
36
31
27
23
20
18
19
22
22
18
12
8
8
15
26
33
33
27
17
6
-3
-8
-9
-8
-8
-6
-2
4
12
18
20
20
20
21
19
13
6
5
11
17
19
19
20
21
20
16
9
5
6
12
17
19
19
18
16
14
11
6
0
-1
2
5
8
11
16
23
30
34
39
44
47
46
44
40
38
39
40
39
36
35
34
34
34
31
26
21
18
15
13
13
18
22
21
18
17
19
18
14
9
4
3
4
7
9
11
15
22
29
33
35
36
35
33
29
25
24
28
35
40
44
46
48
48
44
37
31
28
26
24
18
14
16
23
29
30
27
24
22
20
17
13
9
7
8
12
15
13
9
6
3
1
-2
-5
-7
-6
-2
-1
0
1
-1
-7
-11
-10
-7
-4
-6
-9
-9
-7
-4
-2
-2
-3
-6
-10
-15
-21
-22
-17
-11
-9
-14
-21
-26
-29
-34
-39
-43
-42
-36
-29
-26
-27
-26
-23
-20
-22
-25
-26
-23
-18
-14
-15
-19
-25
-25
-18
-8
-1
2
4
5
6
4
1
-1
-1
-1
-2
-3
-2
-2
-3
-6
-6
-2
2
5
4
0
-4
-7
-7
-6
-5
-6
-8
-11
-14
-17
-21
-24
-28
-33
-34
-30
-23
-18
-18
-20
-20
-16
-9
-5
-6
-8
-6
-2
-1
-2
-2
3
9
13
12
9
5
4
5
7
7
6
4
0
-8
-17
-23
-23
-17
-9
-4
-5
-10
-16
-20
-20
-20
-17
-14
-10
-10
-12
-13
-8
0
8
15
20
25
27
26
22
17
16
15
13
11
8
4
1
0
-1
-4
-6
-6
-8
-11
-13
-13
-11
-11
-14
-18
-20
-19
-18
-20
-23
-23
-18
-10
-6
-4
-4
-3
-2
-3
-6
-7
0
9
15
15
11
6
1
1
1
0
-3
-6
-10
-14
-18
-21
-22
-21
-19
-19
-20
-19
-15
-9
-6
-5
-8
-11
-14
-15
-15
-14
-11
-9
-9
-11
-13
-11
-11
-17
-27
-33
-35
-34
-33
-34
-35
-34
-31
-29
-29
-29
-29
-29
-30
-32
-32
-30
-27
-24
-23
-25
-26
-24
-17
-10
-4
0
1
1
-3
-11
-18
-21
-19
-17
-16
-18
-21
-25
-30
-37
-43
-44
-39
-34
-33
-35
-37
-36
-31
-24
-18
-12
-8
-6
-7
-10
-15
-19
-22
-23
-24
-25
-24
-22
-19
-19
-22
-25
-26
-25
-24
-22
-22
-23
-24
-25
-24
-24
-23
-22
-22
-22
-19
-13
-5
2
2
0
0
2
1
-3
-6
-8
-7
-7
-8
-10
-10
-7
-3
-2
-2
0
2
4
4
2
1
2
5
7
5
1
-3
-4
-4
-4
-4
-1
5
6
1
-8
-13
-14
-14
-12
-11
-15
-22
-27
-26
-23
-23
-23
-23
-22
-23
-25
-26
-24
-23
-23
-23
-19
-12
-8
-9
-14
-18
-19
-18
-17
-15
-12
-6
-1
1
-3
-11
-16
-17
-16
-14
-10
-6
-2
-2
-6
-11
-14
-14
-11
-10
-13
-20
-28
-34
-37
-36
-31
-22
-13
-11
-15
-20
-24
-26
-28
-31
-36
-41
-44
-44
-42
-41
-41
-41
-39
-38
-37
-34
-30
-25
-25
-26
-27
-24
-19
-15
-14
-15
-14
-14
-14
-15
-16
-16
-15
-14
-15
-18
-21
-23
-24
-27
-31
-34
-35
-34
-31
-29
-26
-21
-16
-15
-15
-14
-9
-2
1
-2
-9
-17
-23
-27
-29
-30
-28
-23
-19
-16
-16
-14
-10
-3
2
3
2
-2
-7
-16
-25
-30
-31
-29
-25
-22
-22
-23
-21
-19
-20
-25
-30
-34
-38
-43
-46
-45
-43
-41
-45
-51
-55
-55
-50
-42
-35
-30
-26
-25
-28
-34
-38
-38
-33
-25
-18
-14
-13
-15
-18
-22
-25
-25
-19
-14
-11
-12
-14
-13
-9
-6
-3
0
6
12
15
15
14
15
21
26
29
27
21
16
14
15
17
21
27
33
35
35
35
36
38
39
39
37
36
36
34
32
30
29
28
27
24
20
18
20
24
29
33
39
45
49
48
41
30
20
14
12
12
14
20
26
28
27
25
25
27
30
31
28
25
23
21
18
13
9
7
6
2
-3
-8
-8
-5
-2
1
4
7
11
12
10
9
13
18
22
22
19
16
15
17
19
19
17
17
18
18
18
18
22
29
36
41
43
45
44
37
26
17
16
23
33
39
41
38
33
29
31
34
31
25
24
28
34
38
43
47
49
46
42
39
37
34
29
25
25
26
25
20
15
12
12
9
-1
-11
-9
3
18
30
38
41
39
38
41
46
47
47
47
46
44
42
40
40
42
42
39
37
36
37
39
41
44
47
50
49
44
35
26
17
8
-2
-10
-16
-17
-19
-22
-22
-18
-9
0
7
11
13
13
8
0
-10
-20
-25
-25
-22
-17
-12
-5
1
4
6
6
6
4
0
-7
-15
-20
-21
-20
-21
-23
-22
-16
-12
-14
-16
-16
-13
-9
-4
-1
-3
-6
-4
-2
-1
-3
-10
-16
-21
-22
-20
-15
-10
-7
-6
-6
-2
6
14
18
17
14
13
15
15
13
9
6
2
-2
-8
-12
-13
-13
-13
-13
-12
-9
-4
1
3
6
10
14
17
21
23
21
17
13
7
-2
-8
-6
-1
1
-1
-4
-6
-6
-5
-5
-8
-15
-22
-25
-24
-24
-27
-30
-32
-33
-36
-36
-35
-35
-42
-50
-52
-45
-34
-25
-20
-17
-15
-15
-18
-24
-32
-38
-42
-48
-56
-60
-59
-53
-43
-35
-31
-34
-39
-44
-48
-49
-46
-40
-31
-24
-21
-17
-9
1
10
15
17
19
19
18
14
9
4
2
3
1
-5
-12
-16
-18
-21
-25
-31
-37
-44
-51
-57
-59
-54
-44
-33
-24
-20
-17
-14
-12
-10
-7
-2
6
13
16
15
13
11
10
8
4
1
-2
-4
-8
-12
-16
-17
-16
-14
-15
-18
-22
-21
-17
-13
-11
-10
-11
-13
-15
-18
-18
-15
-9
-4
0
4
9
14
15
11
3
-4
-10
-15
-19
-20
-18
-13
-6
-3
-3
-7
-12
-19
-27
-32
-31
-26
-21
-20
-21
-21
-17
-12
-9
-9
-11
-13
-11
-7
-4
-3
0
